
====================Forward Euler====================
integrating from t = 0.0 to t = 2.0 with 200 steps; h = 0.010

 step      t        z0     s0  |z0-s0|        z1     s1  |z1-s1|
    5  0.050     0.312  0.309 2.66e-03     0.961  0.951 9.54e-03
   10  0.100     0.599  0.588 1.10e-02     0.826  0.809 1.66e-02
   15  0.150     0.833  0.809 2.35e-02     0.606  0.588 1.87e-02
   20  0.200     0.989  0.951 3.77e-02     0.323  0.309 1.41e-02
   25  0.250     1.050  1.000 5.05e-02     0.002 -0.000 2.17e-03
   30  0.300     1.010  0.951 5.87e-02    -0.325 -0.309 1.63e-02
   35  0.350     0.869  0.809 5.96e-02    -0.627 -0.588 3.95e-02
   40  0.400     0.639  0.588 5.11e-02    -0.873 -0.809 6.42e-02
   45  0.450     0.342  0.309 3.25e-02    -1.038 -0.951 8.69e-02
   50  0.500     0.005 -0.000 4.55e-03    -1.104 -1.000 1.04e-01
   55  0.550    -0.340 -0.309 3.06e-02    -1.061 -0.951 1.10e-01
   60  0.600    -0.657 -0.588 6.92e-02    -0.914 -0.809 1.05e-01
   65  0.650    -0.916 -0.809 1.07e-01    -0.673 -0.588 8.52e-02
   70  0.700    -1.090 -0.951 1.39e-01    -0.361 -0.309 5.20e-02
   75  0.750    -1.159 -1.000 1.59e-01    -0.007  0.000 7.17e-03
   80  0.800    -1.116 -0.951 1.65e-01     0.354  0.309 4.54e-02
   85  0.850    -0.961 -0.809 1.52e-01     0.688  0.588 1.00e-01
   90  0.900    -0.709 -0.588 1.21e-01     0.961  0.809 1.52e-01
   95  0.950    -0.382 -0.309 7.26e-02     1.144  0.951 1.93e-01
  100  1.000    -0.010  0.000 1.00e-02     1.218  1.000 2.18e-01
  105  1.050     0.370  0.309 6.09e-02     1.173  0.951 2.22e-01
  110  1.100     0.721  0.588 1.33e-01     1.011  0.809 2.02e-01
  115  1.150     1.008  0.809 1.99e-01     0.747  0.588 1.59e-01
  120  1.200     1.201  0.951 2.50e-01     0.403  0.309 9.43e-02
  125  1.250     1.279  1.000 2.79e-01     0.013 -0.000 1.32e-02
  130  1.300     1.233  0.951 2.82e-01    -0.386 -0.309 7.70e-02
  135  1.350     1.064  0.809 2.55e-01    -0.755 -0.588 1.67e-01
  140  1.400     0.787  0.588 1.99e-01    -1.057 -0.809 2.48e-01
  145  1.450     0.426  0.309 1.17e-01    -1.260 -0.951 3.09e-01
  150  1.500     0.017 -0.000 1.66e-02    -1.344 -1.000 3.44e-01
  155  1.550    -0.403 -0.309 9.38e-02    -1.296 -0.951 3.45e-01
  160  1.600    -0.791 -0.588 2.03e-01    -1.119 -0.809 3.10e-01
  165  1.650    -1.109 -0.809 3.00e-01    -0.829 -0.588 2.41e-01
  170  1.700    -1.323 -0.951 3.72e-01    -0.451 -0.309 1.42e-01
  175  1.750    -1.411 -1.000 4.11e-01    -0.020  0.000 2.04e-02
  180  1.800    -1.362 -0.951 4.11e-01     0.420  0.309 1.11e-01
  185  1.850    -1.178 -0.809 3.69e-01     0.828  0.588 2.41e-01
  190  1.900    -0.873 -0.588 2.85e-01     1.163  0.809 3.54e-01
  195  1.950    -0.476 -0.309 1.67e-01     1.389  0.951 4.38e-01
  200  2.000    -0.024  0.000 2.45e-02     1.483  1.000 4.83e-01

================2nd order Runge-Kutta================
integrating from t = 0.0 to t = 2.0 with 200 steps; h = 0.010

 step      t        z0     s0  |z0-s0|        z1     s1  |z1-s1|
    5  0.050     0.309  0.309 1.99e-04     0.951  0.951 5.46e-05
   10  0.100     0.588  0.588 3.45e-04     0.809  0.809 2.27e-04
   15  0.150     0.809  0.809 3.88e-04     0.587  0.588 4.84e-04
   20  0.200     0.951  0.951 2.92e-04     0.308  0.309 7.74e-04
   25  0.250     1.000  1.000 4.82e-05    -0.001 -0.000 1.03e-03
   30  0.300     0.951  0.951 3.28e-04    -0.310 -0.309 1.20e-03
   35  0.350     0.808  0.809 7.95e-04    -0.589 -0.588 1.21e-03
   40  0.400     0.586  0.588 1.29e-03    -0.810 -0.809 1.03e-03
   45  0.450     0.307  0.309 1.74e-03    -0.952 -0.951 6.56e-04
   50  0.500    -0.002 -0.000 2.06e-03    -1.000 -1.000 9.53e-05
   55  0.550    -0.311 -0.309 2.19e-03    -0.950 -0.951 6.02e-04
   60  0.600    -0.590 -0.588 2.07e-03    -0.808 -0.809 1.36e-03
   65  0.650    -0.811 -0.809 1.68e-03    -0.586 -0.588 2.10e-03
   70  0.700    -0.952 -0.951 1.02e-03    -0.306 -0.309 2.71e-03
   75  0.750    -1.000 -1.000 1.41e-04     0.003  0.000 3.10e-03
   80  0.800    -0.950 -0.951 8.78e-04     0.312  0.309 3.19e-03
   85  0.850    -0.807 -0.809 1.93e-03     0.591  0.588 2.93e-03
   90  0.900    -0.585 -0.588 2.91e-03     0.811  0.809 2.32e-03
   95  0.950    -0.305 -0.309 3.68e-03     0.952  0.951 1.38e-03
  100  1.000     0.004  0.000 4.13e-03     1.000  1.000 1.86e-04
  105  1.050     0.313  0.309 4.18e-03     0.950  0.951 1.15e-03
  110  1.100     0.592  0.588 3.80e-03     0.807  0.809 2.51e-03
  115  1.150     0.812  0.809 2.96e-03     0.584  0.588 3.72e-03
  120  1.200     0.953  0.951 1.74e-03     0.304  0.309 4.65e-03
  125  1.250     1.000  1.000 2.30e-04    -0.005 -0.000 5.16e-03
  130  1.300     0.950  0.951 1.43e-03    -0.314 -0.309 5.18e-03
  135  1.350     0.806  0.809 3.08e-03    -0.592 -0.588 4.66e-03
  140  1.400     0.583  0.588 4.53e-03    -0.813 -0.809 3.61e-03
  145  1.450     0.303  0.309 5.61e-03    -0.953 -0.951 2.10e-03
  150  1.500    -0.006 -0.000 6.20e-03    -1.000 -1.000 2.73e-04
  155  1.550    -0.315 -0.309 6.18e-03    -0.949 -0.951 1.71e-03
  160  1.600    -0.593 -0.588 5.52e-03    -0.805 -0.809 3.65e-03
  165  1.650    -0.813 -0.809 4.25e-03    -0.582 -0.588 5.34e-03
  170  1.700    -0.954 -0.951 2.46e-03    -0.302 -0.309 6.58e-03
  175  1.750    -1.000 -1.000 3.15e-04     0.007  0.000 7.23e-03
  180  1.800    -0.949 -0.951 1.99e-03     0.316  0.309 7.17e-03
  185  1.850    -0.805 -0.809 4.22e-03     0.594  0.588 6.38e-03
  190  1.900    -0.582 -0.588 6.15e-03     0.814  0.809 4.89e-03
  195  1.950    -0.301 -0.309 7.55e-03     0.954  0.951 2.82e-03
  200  2.000     0.008  0.000 8.26e-03     1.000  1.000 3.56e-04

================4th order Runge-Kutta================
integrating from t = 0.0 to t = 2.0 with 200 steps; h = 0.010

 step      t        z0     s0  |z0-s0|        z1     s1  |z1-s1|
    5  0.050     0.309  0.309 3.94e-08     0.951  0.951 1.06e-08
   10  0.100     0.588  0.588 6.84e-08     0.809  0.809 4.44e-08
   15  0.150     0.809  0.809 7.70e-08     0.588  0.588 9.51e-08
   20  0.200     0.951  0.951 5.85e-08     0.309  0.309 1.52e-07
   25  0.250     1.000  1.000 1.07e-08     0.000 -0.000 2.04e-07
   30  0.300     0.951  0.951 6.34e-08    -0.309 -0.309 2.36e-07
   35  0.350     0.809  0.809 1.56e-07    -0.588 -0.588 2.40e-07
   40  0.400     0.588  0.588 2.54e-07    -0.809 -0.809 2.05e-07
   45  0.450     0.309  0.309 3.43e-07    -0.951 -0.951 1.32e-07
   50  0.500     0.000 -0.000 4.07e-07    -1.000 -1.000 2.14e-08
   55  0.550    -0.309 -0.309 4.34e-07    -0.951 -0.951 1.16e-07
   60  0.600    -0.588 -0.588 4.11e-07    -0.809 -0.809 2.67e-07
   65  0.650    -0.809 -0.809 3.34e-07    -0.588 -0.588 4.12e-07
   70  0.700    -0.951 -0.951 2.05e-07    -0.309 -0.309 5.33e-07
   75  0.750    -1.000 -1.000 3.20e-08    -0.000  0.000 6.11e-07
   80  0.800    -0.951 -0.951 1.69e-07     0.309  0.309 6.31e-07
   85  0.850    -0.809 -0.809 3.78e-07     0.588  0.588 5.82e-07
   90  0.900    -0.588 -0.588 5.71e-07     0.809  0.809 4.62e-07
   95  0.950    -0.309 -0.309 7.24e-07     0.951  0.951 2.78e-07
  100  1.000    -0.000  0.000 8.15e-07     1.000  1.000 4.27e-08
  105  1.050     0.309  0.309 8.28e-07     0.951  0.951 2.22e-07
  110  1.100     0.588  0.588 7.53e-07     0.809  0.809 4.89e-07
  115  1.150     0.809  0.809 5.91e-07     0.588  0.588 7.29e-07
  120  1.200     0.951  0.951 3.51e-07     0.309  0.309 9.14e-07
  125  1.250     1.000  1.000 5.34e-08     0.000 -0.000 1.02e-06
  130  1.300     0.951  0.951 2.75e-07    -0.309 -0.309 1.02e-06
  135  1.350     0.809  0.809 6.00e-07    -0.588 -0.588 9.24e-07
  140  1.400     0.588  0.588 8.88e-07    -0.809 -0.809 7.19e-07
  145  1.450     0.309  0.309 1.10e-06    -0.951 -0.951 4.24e-07
  150  1.500     0.000 -0.000 1.22e-06    -1.000 -1.000 6.41e-08
  155  1.550    -0.309 -0.309 1.22e-06    -0.951 -0.951 3.27e-07
  160  1.600    -0.588 -0.588 1.09e-06    -0.809 -0.809 7.11e-07
  165  1.650    -0.809 -0.809 8.47e-07    -0.588 -0.588 1.05e-06
  170  1.700    -0.951 -0.951 4.97e-07    -0.309 -0.309 1.30e-06
  175  1.750    -1.000 -1.000 7.47e-08    -0.000  0.000 1.43e-06
  180  1.800    -0.951 -0.951 3.80e-07     0.309  0.309 1.42e-06
  185  1.850    -0.809 -0.809 8.22e-07     0.588  0.588 1.27e-06
  190  1.900    -0.588 -0.588 1.20e-06     0.809  0.809 9.76e-07
  195  1.950    -0.309 -0.309 1.49e-06     0.951  0.951 5.70e-07
  200  2.000    -0.000  0.000 1.63e-06     1.000  1.000 8.54e-08
